-0.001716692000627518
-0.005538070108741522
0.014135392382740974
-0.001884397817775607
-0.009160273708403111
0.004509579855948687
0.017727211117744446
-0.003801105078309774
0.012156476266682148
0.023626554757356644
0.015127858147025108
0.003799914382398129
-0.001141684362664819
0.007891269400715828
0.002349754795432091
0.011584461666643620
-0.003546001389622688
0.000579210289288312
0.008571817539632320
0.006868516560643911
-0.005280624143779278
0.026203246787190437
-0.014717271551489830
0.008457120507955551
0.001282446435652673
-0.030331483110785484
-0.003707123221829534
0.013879997655749321
0.012557394802570343
-0.008217652328312397
-0.006020335014909506
-0.003718089777976274
-0.005504575092345476
0.025847997516393661
-0.005878071300685406
0.012797793373465538
0.004233449231833220
-0.009775183163583279
0.026138335466384888
-0.000364271894795820
0.007674746681004763
-0.002983229234814644
-0.000063753876020201
-0.000010214304893452
0.006344122812151909
0.025867018848657608
-0.007085741963237524
-0.008706752210855484
-0.027151709422469139
0.003926200792193413
0.011838745325803757
-0.002544784452766180
0.000965810031630099
0.004836084321141243
0.005333030130714178
0.014492083340883255
0.006439962424337864
0.034281961619853973
-0.000820213812403381
-0.005889656487852335
-0.009635723195970058
0.000899570644833148
-0.008781702257692814
0.014329103752970695
