0.034440789371728897
-0.008171399123966694
0.055193640291690826
0.002822518814355135
0.024688288569450378
-0.030283886939287186
-0.004052392207086086
0.007540843449532986
0.016288394108414650
0.026835013180971146
0.016653249040246010
0.020370014011859894
0.077742271125316620
0.009500196203589439
0.000902895873878151
0.012741412967443466
0.028049359098076820
-0.005540638230741024
0.037314303219318390
0.045159526169300079
0.001691077719442546
-0.007120784837752581
-0.006236372981220484
-0.005046091042459011
-0.005708924494683743
0.022150684148073196
0.010247043333947659
0.006262744776904583
0.009203944355249405
0.017424168065190315
0.023467682301998138
0.026814194396138191
-0.017118999734520912
-0.009046162478625774
0.007866488769650459
0.027476130053400993
0.004758057184517384
-0.014213094487786293
-0.020582703873515129
-0.009308751672506332
-0.007831366732716560
0.004159652162343264
-0.005095246713608503
0.013766209594905376
0.017615407705307007
0.026130938902497292
0.015025830827653408
-0.004798802547156811
0.008189965970814228
0.006613555829972029
0.012534730136394501
0.028705386444926262
0.004162340890616179
0.014372050762176514
-0.012505394406616688
0.014449485577642918
0.001654110732488334
-0.004906212911009789
0.027854211628437042
0.018009070307016373
0.022799123078584671
0.010826794430613518
-0.003668313380330801
-0.001943687326274812
