-0.031267970800399780
0.007259528152644634
-0.031118974089622498
-0.015823105350136757
-0.021197672933340073
-0.012286329641938210
0.010148327797651291
-0.023533627390861511
-0.018825491890311241
-0.028599862009286880
-0.017969656735658646
-0.023403324186801910
-0.001657953602261841
-0.037485744804143906
-0.015641601756215096
0.003108234377577901
-0.015764320269227028
-0.030997358262538910
-0.015556049533188343
-0.021463200449943542
-0.017522808164358139
-0.018587797880172729
-0.014208952896296978
-0.008337303996086121
-0.018126742914319038
-0.026538286358118057
-0.028489384800195694
-0.010287336073815823
-0.010432525537908077
-0.026027098298072815
-0.033043861389160156
-0.033785007894039154
-0.030968481674790382
-0.016122257336974144
-0.019399635493755341
-0.009309133514761925
-0.029257962480187416
-0.004348472226411104
-0.016196738928556442
-0.005404050927609205
-0.016774214804172516
-0.008260104805231094
-0.014596659690141678
-0.007270403672009706
-0.037682071328163147
-0.016892436891794205
-0.021311849355697632
-0.013684541918337345
-0.012127473950386047
-0.012300610542297363
-0.017249373719096184
-0.011878088116645813
-0.004539371933788061
-0.019377918913960457
-0.000509450153913349
-0.028607992455363274
-0.030160773545503616
-0.007920677773654461
-0.004366253037005663
-0.016995323821902275
-0.005446733441203833
-0.038771368563175201
-0.016331313177943230
-0.018101934343576431
-0.017690526321530342
-0.030127806589007378
-0.016668578609824181
-0.004650206305086613
-0.021959420293569565
-0.030816083773970604
-0.031643621623516083
-0.007324113510549068
-0.024124445393681526
-0.020254481583833694
-0.012706420384347439
-0.012293442152440548
-0.008809670805931091
-0.021449211984872818
-0.021899618208408356
-0.042263668030500412
0.009014539420604706
-0.013359644450247288
-0.011783204972743988
-0.000394714705180377
-0.011203792877495289
-0.004904615227133036
-0.014716067351400852
-0.017670070752501488
-0.011619491502642632
-0.028631897643208504
-0.023904616013169289
-0.016362370923161507
-0.020463658496737480
-0.024548299610614777
-0.032984476536512375
0.002363792620599270
-0.024634540081024170
-0.019117217510938644
-0.029418939724564552
-0.032236397266387939
-0.011798589490354061
-0.028741668909788132
-0.011567903682589531
-0.045337423682212830
-0.038583643734455109
-0.022273181006312370
-0.013847251422703266
-0.025540359318256378
-0.025007978081703186
-0.016317036002874374
-0.017521245405077934
-0.023675544187426567
-0.026440629735589027
-0.018015459179878235
-0.005680556874722242
-0.017042037099599838
-0.012155451811850071
-0.021851355209946632
-0.028034768998622894
-0.014772085472941399
-0.022703444585204124
-0.023624500259757042
-0.032120380550622940
-0.027871670201420784
-0.018519079312682152
-0.019113896414637566
-0.020457414910197258
-0.029099367558956146
-0.019583009183406830
-0.018042223528027534
-0.020375495776534081
-0.014342701062560081
-0.008999411016702652
-0.022998096421360970
0.010757630690932274
-0.005732212215662003
-0.019867843016982079
-0.030351091176271439
-0.001272080931812525
-0.016176553443074226
-0.030530627816915512
-0.021531270816922188
-0.004331128206104040
-0.000402072560973465
-0.025488546118140221
-0.020561465993523598
-0.034701872617006302
-0.000171312727616169
-0.008140965364873409
-0.023433789610862732
-0.011463381350040436
-0.011581680737435818
-0.035564195364713669
-0.007862838916480541
-0.010218421928584576
-0.029747271910309792
-0.030677624046802521
-0.013414906337857246
-0.034169580787420273
-0.013506856746971607
0.001821328536607325
-0.025391405448317528
-0.014005240052938461
-0.012550366111099720
-0.012723845429718494
-0.019094996154308319
-0.024481046944856644
-0.023442186415195465
-0.005291592329740524
-0.018449464812874794
-0.021500248461961746
-0.008109804242849350
-0.014412156306207180
-0.001212969073094428
-0.023558314889669418
-0.013799571432173252
-0.031747888773679733
-0.023115430027246475
-0.016283744946122169
0.003603526856750250
-0.037651721388101578
-0.023463882505893707
-0.024184044450521469
-0.014631404541432858
-0.035669088363647461
-0.029194185510277748
-0.007553041912615299
-0.013722538016736507
-0.035167880356311798
-0.016359198838472366
-0.025494107976555824
-0.036796882748603821
-0.014952761121094227
-0.023377599194645882
-0.002583527006208897
-0.021877955645322800
-0.029249841347336769
-0.030644781887531281
-0.038786627352237701
-0.005416815169155598
-0.016024682670831680
-0.040437817573547363
-0.022957034409046173
-0.023658473044633865
-0.018042588606476784
-0.009952493943274021
-0.011940865777432919
-0.036023132503032684
-0.017802784219384193
-0.019690750166773796
-0.029059128835797310
-0.021598041057586670
-0.001714763347990811
-0.020686069503426552
-0.031562771648168564
-0.014718069694936275
-0.041401509195566177
-0.024177908897399902
-0.014260235242545605
-0.006798745598644018
0.002448842395097017
-0.025995953008532524
-0.015204938128590584
-0.020848633721470833
-0.039611034095287323
-0.020776497200131416
-0.012916509993374348
-0.025393567979335785
0.006449084728956223
-0.014379740692675114
-0.028420878574252129
-0.029585588723421097
-0.022572100162506104
-0.046799447387456894
-0.001201363978907466
-0.015278343111276627
-0.009127243421971798
-0.022025121375918388
-0.012993158772587776
-0.032546821981668472
-0.026146888732910156
-0.036336012184619904
-0.035783939063549042
-0.014412485994398594
-0.018614208325743675
-0.020684765651822090
-0.022073671221733093
-0.025911392644047737
-0.018284136429429054
-0.028861572965979576
-0.021224508062005043
-0.039434634149074554
-0.011558373458683491
-0.010571515187621117
-0.023447398096323013
-0.017832919955253601
-0.039081748574972153
-0.010373608209192753
-0.006078752223402262
-0.010655297897756100
-0.020310264080762863
-0.033543217927217484
-0.041318453848361969
-0.010665171779692173
-0.022198947146534920
-0.017016055062413216
-0.018168546259403229
-0.019987156614661217
-0.007230066228657961
-0.036864772439002991
-0.012274423614144325
-0.004793347790837288
-0.029779378324747086
-0.044155269861221313
0.000650852220132947
-0.006187655031681061
-0.046076983213424683
-0.009981554001569748
-0.014105918817222118
-0.028276922181248665
-0.027514077723026276
-0.029583116993308067
-0.023184556514024734
-0.010631036944687366
-0.020061001181602478
-0.008554768748581409
-0.026147434487938881
0.006083042826503515
-0.002082079183310270
-0.018249442800879478
-0.029795536771416664
-0.027152739465236664
-0.014312529005110264
-0.013212644495069981
-0.013844600878655910
-0.023560091853141785
-0.039246875792741776
0.004193870350718498
-0.025121595710515976
-0.019666433334350586
-0.034166827797889709
-0.020524397492408752
-0.010699985548853874
-0.014297348447144032
-0.029078409075737000
-0.003156748367473483
-0.027775777503848076
-0.019842866808176041
-0.021300630643963814
-0.009452958591282368
-0.020476924255490303
-0.005170072428882122
-0.019173057749867439
-0.011445336975157261
-0.011927668936550617
-0.018724313005805016
-0.017052616924047470
0.001645348034799099
-0.021748455241322517
-0.012704216875135899
-0.006544444244354963
-0.037360444664955139
-0.013071101158857346
-0.010382395237684250
-0.001975440187379718
0.000128876621602103
-0.015642825514078140
-0.001623200485482812
-0.012359286658465862
0.004155306611210108
-0.023277657106518745
0.002131694694980979
-0.020511543378233910
-0.004518337082117796
-0.016152342781424522
-0.010038795880973339
-0.007819355465471745
-0.035731948912143707
-0.015321397222578526
-0.030395902693271637
-0.015650073066353798
-0.006573407910764217
-0.016969209536910057
-0.022309990599751472
-0.027060996741056442
-0.024377739056944847
-0.021332312375307083
-0.024633955210447311
-0.018594212830066681
-0.024107817560434341
-0.022143118083477020
-0.016647592186927795
-0.023587036877870560
-0.025479083880782127
-0.009919306263327599
-0.028874892741441727
-0.011542232707142830
-0.006900637876242399
-0.006908920593559742
-0.025798711925745010
-0.016597792506217957
-0.006125796586275101
-0.019444851204752922
-0.023768927901983261
0.004668327048420906
0.007396910339593887
-0.026440614834427834
-0.013937068171799183
-0.032373454421758652
-0.007470997981727123
-0.036563497036695480
-0.038108773529529572
-0.022699739784002304
-0.020428359508514404
-0.019529670476913452
-0.042686469852924347
-0.015057551674544811
-0.018859909847378731
-0.018218958750367165
-0.000205899268621579
-0.034420367330312729
-0.008179492317140102
-0.018808173015713692
-0.013792874291539192
-0.010092942044138908
-0.006777159404009581
-0.022660464048385620
-0.038908254355192184
0.000634785159491003
-0.012881099246442318
-0.010472383350133896
-0.021429248154163361
-0.016964284703135490
-0.029635291546583176
-0.013610908761620522
-0.022435331717133522
-0.011813130229711533
-0.015667738392949104
-0.038062717765569687
0.006974442396312952
-0.026720158755779266
-0.006015925202518702
-0.036498080939054489
0.004744715057313442
-0.034134376794099808
-0.016861783340573311
-0.015757599845528603
-0.025874299928545952
-0.012227286584675312
-0.028437351807951927
0.007698215544223785
-0.014909859746694565
-0.023540498688817024
0.002912639174610376
-0.011923840269446373
-0.018237225711345673
-0.007507656700909138
-0.021829728037118912
-0.021679384633898735
-0.015564525499939919
-0.005083260592073202
-0.018706472590565681
-0.023813584819436073
-0.041976410895586014
-0.012974013574421406
-0.009664217010140419
-0.024882737547159195
-0.024566506966948509
-0.021541863679885864
-0.030774658545851707
-0.018897714093327522
-0.004225704818964005
-0.017001088708639145
-0.024393744766712189
-0.022233175113797188
-0.025858517736196518
-0.004828120581805706
-0.016098735854029655
-0.020372560247778893
-0.010350024327635765
-0.031414490193128586
-0.024250518530607224
-0.025016171857714653
-0.026610082015395164
-0.029679251834750175
-0.028936740010976791
-0.008865736424922943
-0.021813543513417244
-0.014592075720429420
-0.020795570686459541
-0.027100507169961929
-0.023732999339699745
-0.037745721638202667
-0.010733458213508129
-0.031082900241017342
-0.035879850387573242
-0.000718363269697875
-0.033897742629051208
-0.012604795396327972
-0.026081766933202744
-0.020774705335497856
-0.007695456035435200
-0.005298472475260496
-0.014218888245522976
-0.022584842517971992
-0.024124151095747948
-0.019662519916892052
-0.040224608033895493
-0.019415831193327904
-0.009867916814982891
-0.021513402462005615
-0.039668470621109009
-0.019065540283918381
-0.022127280011773109
-0.016993569210171700
-0.030104145407676697
-0.037309180945158005
-0.019526341930031776
-0.043765701353549957
-0.016730049625039101
-0.033559013158082962
-0.034828707575798035
-0.015614200383424759
0.001952296937815845
-0.029106980189681053
-0.018988279625773430
-0.016577361151576042
-0.023461563512682915
-0.022074645385146141
-0.007859827019274235
-0.023458896204829216
-0.016344511881470680
-0.025521397590637207
-0.012032507918775082
0.004561611916869879
-0.028601532801985741
-0.013987251557409763
-0.010369177907705307
-0.017873903736472130
-0.013850072398781776
-0.010147970169782639
-0.014373351819813251
-0.031518384814262390
-0.021955724805593491
-0.016746902838349342
0.005657029338181019
-0.032093767076730728
-0.008300976827740669
-0.031922522932291031
-0.024666929617524147
-0.013679752126336098
-0.005113701801747084
