0.003609320847317576
0.001959944376721978
0.001988322706893086
-0.005471421405673027
-0.004530922044068575
0.003682438284158707
0.008183159865438938
-0.006997253280133009
0.000317077210638672
0.004227837081998587
0.000000835192622617
-0.001971805468201637
0.007661249022930861
0.000535260653123260
0.014714122749865055
0.007352510467171669
0.003657503519207239
0.002919120946899056
0.000709583866409957
0.000064007406763267
0.008311904035508633
0.004580599255859852
0.009536623023450375
0.000699278374668211
-0.003273152280598879
-0.000329101865645498
-0.001404598006047308
0.000858570507261902
0.002802395261824131
0.006666750647127628
0.002114769537001848
-0.003721024841070175
