-0.007025380618870258
-0.026763619855046272
-0.015307071618735790
-0.022310426458716393
-0.010607946664094925
-0.034813497215509415
-0.016580674797296524
-0.025438785552978516
-0.020391682162880898
-0.025509171187877655
-0.017651727423071861
-0.026174742728471756
-0.014706481248140335
-0.015297168865799904
-0.023260941728949547
-0.001409957068972290
-0.019608013331890106
-0.027617653831839561
0.007978892885148525
-0.011966085992753506
-0.010098942555487156
-0.029949232935905457
-0.022740595042705536
-0.027176618576049805
-0.014103035442531109
-0.015302537009119987
-0.020878124982118607
-0.012417633086442947
-0.006070466712117195
-0.012817644514143467
-0.020529180765151978
-0.010681386105716228
-0.011985448189079762
-0.015639357268810272
-0.017499145120382309
-0.009760200046002865
-0.000347615801729262
-0.027711471542716026
-0.038622729480266571
-0.011190430261194706
-0.022490933537483215
-0.019610108807682991
-0.011330825276672840
-0.006174851674586535
-0.006320508196949959
-0.016913173720240593
-0.014149056747555733
-0.032656565308570862
-0.036713059991598129
-0.024689281359314919
-0.015741964802145958
-0.018599864095449448
-0.025585103780031204
-0.008811271749436855
-0.013204321265220642
-0.023977400735020638
-0.005853516049683094
-0.011246101930737495
-0.017658108845353127
-0.022942118346691132
-0.022259192541241646
-0.009982656687498093
-0.021949093788862228
-0.005946019664406776
-0.031420413404703140
-0.024976572021842003
-0.024632381275296211
-0.013409759849309921
-0.022956270724534988
-0.024857001379132271
0.001750760711729527
-0.010924103669822216
0.005352449137717485
-0.020987577736377716
-0.022316111251711845
-0.027998002246022224
-0.025010319426655769
-0.002875080564990640
-0.009631589055061340
-0.028950564563274384
-0.008193904533982277
-0.028495356440544128
-0.007352344226092100
-0.014390845783054829
-0.005548257380723953
-0.010432424023747444
-0.010249125771224499
-0.014648444019258022
-0.022489346563816071
-0.014564679004251957
-0.022864088416099548
-0.006619097199290991
-0.014684345573186874
-0.009444506838917732
-0.020488422363996506
-0.012761924415826797
-0.010644038207828999
-0.021567761898040771
-0.025348676368594170
-0.020265538245439529
-0.018831038847565651
-0.016661627218127251
-0.001947145443409681
-0.007976472377777100
-0.019793020561337471
-0.006976838223636150
-0.021831735968589783
-0.003371772123500705
-0.022329052910208702
-0.016400972381234169
-0.026715414598584175
-0.012848118320107460
-0.002588806208223104
-0.014522746205329895
-0.025592716410756111
-0.003394491272047162
-0.018362410366535187
-0.027500296011567116
-0.020736176520586014
-0.020546741783618927
-0.011835072189569473
-0.028410080820322037
-0.021621435880661011
-0.024608626961708069
-0.023045882582664490
-0.039070077240467072
-0.026439480483531952
-0.014761870726943016
-0.019463954493403435
0.003622990334406495
-0.028588093817234039
-0.028903553262352943
0.005744623485952616
-0.020498719066381454
-0.011386617086827755
-0.015403910540044308
-0.009396245703101158
-0.017746016383171082
-0.023555735126137733
-0.011707894504070282
-0.021905535832047462
-0.013270584866404533
-0.016123166307806969
-0.022796917706727982
-0.025890437886118889
-0.018303960561752319
-0.002005569171160460
-0.012536479160189629
-0.028610598295927048
-0.017223576083779335
-0.002095006173476577
-0.020880229771137238
-0.011493547819554806
0.006863934453576803
-0.014950357377529144
-0.012750928290188313
-0.023499550297856331
-0.017843827605247498
-0.012638739310204983
-0.017708392813801765
-0.028769133612513542
-0.029874384403228760
-0.018370339646935463
0.007060343399643898
0.001702167559415102
-0.019768830388784409
-0.019913440570235252
-0.010777062736451626
-0.006440678611397743
-0.021565089002251625
-0.008496236987411976
-0.018268810585141182
0.000296827201964334
-0.013679506257176399
-0.026722658425569534
-0.020413661375641823
-0.009975546039640903
-0.005766600370407104
-0.017092498019337654
-0.027333501726388931
-0.014781073667109013
-0.002190306084230542
-0.002544391900300980
-0.031890377402305603
-0.022399760782718658
-0.017053464427590370
-0.030104489997029305
-0.014045299030840397
-0.003180689178407192
-0.015457707457244396
-0.011974362656474113
-0.029270177707076073
-0.012991754338145256
-0.009521919302642345
-0.024612456560134888
-0.015462431125342846
-0.005297990050166845
-0.019754281267523766
-0.007841987535357475
-0.020043328404426575
-0.018104262650012970
-0.009848251007497311
-0.008513553999364376
0.003136136103421450
-0.028751818463206291
-0.033715497702360153
-0.016698338091373444
-0.013183319941163063
-0.037164084613323212
-0.009817074984312057
-0.002369046676903963
-0.023217368870973587
-0.003241718048229814
-0.007761412765830755
-0.026783164590597153
-0.005413303617388010
-0.004692017566412687
-0.036448251456022263
-0.025421058759093285
-0.017376461997628212
-0.012057074345648289
-0.025200080126523972
-0.020198710262775421
-0.020282890647649765
-0.009163228794932365
-0.013040217570960522
-0.024294955655932426
-0.015471090562641621
-0.007225517649203539
-0.040252357721328735
-0.013205373659729958
-0.012015781365334988
-0.009282148443162441
-0.028744144365191460
-0.017637109383940697
-0.000596893369220197
-0.019817112013697624
-0.018025750294327736
-0.017614943906664848
-0.020383415743708611
-0.009292077273130417
-0.022433320060372353
-0.021752333268523216
-0.005724260583519936
-0.023239530622959137
-0.036984574049711227
-0.001326900906860828
-0.030479213222861290
-0.013881995342671871
-0.013049779459834099
-0.029366342350840569
-0.023817943409085274
-0.006249846890568733
-0.036908321082592010
-0.015878235921263695
0.003563869511708617
