0.037672266364097595
0.018417228013277054
0.036569267511367798
-0.037735018879175186
-0.034427888691425323
-0.000881842512171715
-0.001714898156933486
-0.024770092219114304
-0.025061445310711861
-0.028859274461865425
0.021258246153593063
0.017702134326100349
-0.018321076408028603
-0.036418195813894272
-0.000810113269835711
0.020631939172744751
-0.004182775970548391
0.029713517054915428
0.025677956640720367
0.021712817251682281
0.030288584530353546
-0.036222588270902634
0.037818767130374908
-0.051609236747026443
0.000327125220792368
-0.034851666539907455
-0.006771818734705448
-0.008459245786070824
-0.018651731312274933
-0.008317957632243633
0.035486143082380295
0.017252448946237564
0.062325499951839447
0.024757890030741692
-0.027775280177593231
-0.050404503941535950
-0.028088910505175591
-0.036738891154527664
-0.015810117125511169
-0.010960138402879238
-0.012566268444061279
0.045307997614145279
0.018305063247680664
-0.024528667330741882
-0.035245701670646667
-0.014559210278093815
0.009126633405685425
-0.042062699794769287
0.057362526655197144
-0.017714383080601692
0.040995046496391296
-0.019417896866798401
-0.005091735161840916
0.052731826901435852
-0.041411459445953369
0.042484484612941742
-0.007629388011991978
-0.056045666337013245
-0.052018627524375916
0.005416473839432001
-0.052919942885637283
0.055420003831386566
-0.004038892686367035
-0.024162108078598976
-0.015634464100003242
-0.012588731013238430
-0.037758912891149521
-0.019549563527107239
0.048939123749732971
-0.036895580589771271
-0.056474771350622177
0.020223131403326988
-0.022913239896297455
0.051261968910694122
-0.010363585315644741
0.026561530306935310
0.001038425485603511
0.052077513188123703
0.013209405355155468
-0.029749615117907524
0.024058986455202103
0.022069003432989120
-0.042958233505487442
0.047559678554534912
-0.023307489231228828
0.002052659168839455
-0.010991923511028290
0.008455098606646061
0.005044126417487860
0.006983689963817596
-0.035729076713323593
0.046179942786693573
0.001767434761859477
-0.011115401983261108
-0.015519171021878719
0.001623101998120546
-0.019240623340010643
0.034187521785497665
-0.019042968750000000
-0.029640166088938713
-0.036108892410993576
-0.012128931470215321
0.011608852073550224
0.000475853914394975
-0.026984225958585739
0.003054574830457568
0.017851043492555618
-0.031542275100946426
0.045698143541812897
-0.031110564246773720
-0.036076094955205917
0.006186943035572767
-0.021712590008974075
-0.048173956573009491
-0.007691612467169762
-0.031724974513053894
-0.006771964952349663
0.043027151376008987
-0.046389445662498474
-0.020828908309340477
-0.007398904301226139
0.042766124010086060
-0.019653767347335815
0.001420841435901821
-0.038077265024185181
-0.002367026172578335
-0.046532616019248962
-0.012079603970050812
