0.002813788363710046
-0.005933457985520363
0.026763131842017174
-0.037224195897579193
0.020437644794583321
0.020347690209746361
-0.019596047699451447
0.003500346792861819
-0.016165824607014656
0.003511589718982577
-0.005624056793749332
-0.020095076411962509
-0.035281896591186523
0.003536148928105831
0.002579692751169205
0.000359157274942845
-0.004262521862983704
0.005817243829369545
-0.022020325064659119
-0.022732246667146683
0.003347175195813179
-0.010841156356036663
0.016566121950745583
-0.050910606980323792
-0.006636593025177717
-0.026852667331695557
0.007200066931545734
0.025770705193281174
0.044858932495117188
0.008381817489862442
-0.011075017973780632
0.004236497450619936
-0.027050325646996498
0.006231005303561687
0.009098839946091175
0.009371333755552769
-0.021634098142385483
-0.012665664777159691
0.000981168355792761
0.004878298379480839
-0.010049124248325825
0.004603327717632055
-0.024939600378274918
-0.006353289354592562
0.027160031720995903
-0.007944324053823948
0.046204254031181335
-0.003912770655006170
0.018550734966993332
0.000255890103289858
-0.013920340687036514
-0.002158415969461203
0.010636472143232822
0.022496603429317474
-0.003329959698021412
0.019541358575224876
0.026647977530956268
-0.008469486609101295
0.003592319320887327
-0.019405260682106018
-0.013054373674094677
0.015736445784568787
0.021018099039793015
-0.000025389463189640
-0.015053224749863148
-0.002120785182341933
-0.008103947155177593
-0.007024526596069336
0.043672502040863037
-0.020108914002776146
0.029318865388631821
0.011876128613948822
0.013209233991801739
0.037098143249750137
0.021121628582477570
-0.022398948669433594
0.022720944136381149
-0.009039093740284443
-0.016551507636904716
0.038805264979600906
-0.008355438709259033
0.045015148818492889
0.003481106832623482
-0.015464392490684986
-0.018080625683069229
-0.024526298046112061
0.046856205910444260
-0.029565693810582161
0.023251391947269440
0.014309851452708244
-0.013010556809604168
-0.009971342049539089
0.024072218686342239
-0.013774074614048004
0.020735163241624832
0.014184155501425266
0.035466797649860382
-0.028867697343230247
0.003291167784482241
-0.007350650615990162
-0.000809879100415856
0.008969844318926334
-0.018306326121091843
-0.005108835175633430
-0.003470508847385645
0.046968117356300354
0.011657770723104477
-0.029052823781967163
-0.007146522868424654
-0.025623539462685585
0.008571568876504898
-0.002112296642735600
-0.000857538951095194
-0.000347924069501460
0.002422099933028221
0.005394038278609514
0.038255672901868820
-0.031123278662562370
0.015270983800292015
-0.009667558595538139
-0.016158988699316978
-0.011784765869379044
-0.012214896269142628
-0.015251136384904385
0.018283929675817490
0.005921542644500732
-0.012264559045433998
0.036193147301673889
0.005255620460957289
-0.010182516649365425
-0.007296765223145485
-0.000589162460528314
-0.034742265939712524
0.041406627744436264
-0.003944179043173790
0.015582317486405373
0.017049303278326988
0.010957699269056320
-0.026086846366524696
0.009439810179173946
0.010623635724186897
-0.048167906701564789
-0.011481854133307934
0.003070605685934424
0.007748360279947519
-0.015226702205836773
0.015965815633535385
0.020437853410840034
-0.003940971568226814
-0.007455283775925636
-0.003058645874261856
-0.007998886518180370
0.021732471883296967
-0.030741939321160316
-0.010810162872076035
-0.009471437893807888
0.010408134199678898
-0.031566653400659561
0.026352064684033394
-0.011285894550383091
0.007176297251135111
-0.009702232666313648
-0.012692708522081375
-0.009450850076973438
0.017513774335384369
0.026876769959926605
-0.012157669290900230
0.036763306707143784
-0.010551325976848602
-0.027245087549090385
0.013801178894937038
0.009570695459842682
0.045100707560777664
-0.024559434503316879
-0.016994211822748184
-0.027972765266895294
-0.031452614814043045
-0.021102704107761383
-0.024401433765888214
-0.023894151672720909
0.040723636746406555
-0.015891207382082939
0.016778418794274330
-0.011751520447432995
-0.008490814827382565
0.026761772111058235
-0.020585816353559494
-0.017052866518497467
0.012480359524488449
0.032012175768613815
0.010650292970240116
-0.005228405352681875
0.011800933629274368
-0.014604918658733368
-0.025802809745073318
0.039097912609577179
-0.020034505054354668
0.012739378958940506
0.003978165332227945
0.012950804084539413
0.018169110640883446
-0.006525242235511541
0.016562359407544136
-0.020316815003752708
0.028775252401828766
0.001410878146998584
-0.026864118874073029
0.019631231203675270
-0.036088854074478149
0.031131662428379059
0.044282156974077225
0.004248103126883507
0.009134610183537006
-0.014127830043435097
-0.004901382140815258
-0.020332470536231995
0.003635940374806523
0.011324753053486347
-0.010128135792911053
-0.025147564709186554
-0.030674163252115250
-0.007885569706559181
0.002869364572688937
0.024512389674782753
-0.003503886284306645
-0.000723769306205213
0.017151016741991043
-0.028039218857884407
-0.014135312288999557
0.051594227552413940
0.006312537007033825
0.014419434592127800
0.005951293744146824
-0.001708655152469873
0.055238157510757446
-0.014947474934160709
0.001324936863966286
0.029257565736770630
-0.029211876913905144
0.034087605774402618
0.049696519970893860
0.013974128291010857
0.009513602592051029
0.017139140516519547
0.009709168225526810
0.000547695672139525
0.017329262569546700
0.010578831657767296
-0.008508142083883286
0.021191753447055817
0.045642867684364319
0.041708111763000488
-0.012929470278322697
-0.000603547377977520
0.003151258919388056
-0.020502075552940369
-0.003083909861743450
0.013879095204174519
0.006833806168287992
0.005491788499057293
-0.041301243007183075
0.012287903577089310
-0.000491826562210917
0.020214043557643890
0.020918192341923714
0.036859776824712753
0.002102990634739399
0.001595691894181073
-0.024452568963170052
0.025505496188998222
-0.015850154682993889
-0.002687830943614244
-0.021453440189361572
0.003922880627214909
-0.017819771543145180
0.003419168526306748
0.009652550332248211
-0.022724471986293793
0.000726724741980433
-0.008515026420354843
0.034247539937496185
-0.027699034661054611
0.017415240406990051
0.002211636165156960
-0.013611539267003536
0.017425946891307831
0.000865314097609371
0.017415985465049744
0.007338434923440218
-0.026319878175854683
0.051825884729623795
0.032494604587554932
-0.005631248932331800
-0.000925306056160480
-0.000405019760364667
-0.011824212968349457
0.004039370920509100
-0.002649065572768450
-0.000153851389768533
-0.006265124306082726
0.027138886973261833
-0.007844498381018639
-0.017579583451151848
-0.016680689528584480
-0.015783129259943962
-0.015894275158643723
0.010819789953529835
0.015656201168894768
-0.011543244123458862
-0.002753613749518991
-0.012914245948195457
-0.011951887048780918
0.052515253424644470
-0.010202777571976185
-0.019854472950100899
-0.020248252898454666
0.008254055865108967
-0.025470800697803497
-0.028779966756701469
-0.013151327148079872
0.006451014429330826
0.055653721094131470
0.005479096435010433
0.007294499780982733
-0.025334898382425308
0.019044917076826096
-0.006490465253591537
-0.024805540218949318
-0.002852925565093756
0.005620298907160759
0.059408269822597504
-0.010000492446124554
0.015095503069460392
0.011164620518684387
-0.015648467466235161
0.006587915122509003
-0.000146783742820844
-0.020399553701281548
-0.023670561611652374
-0.018429026007652283
-0.017560027539730072
-0.001987712457776070
-0.018862321972846985
0.005072239320725203
0.025670509785413742
0.008283744566142559
0.035117637366056442
-0.013610257767140865
-0.002565908944234252
0.013240144588053226
-0.034110940992832184
-0.003782108891755342
0.017869431525468826
0.001386179821565747
-0.029385419562458992
0.052855312824249268
0.004938252735882998
0.017237247899174690
0.000075726224167738
-0.018793486058712006
-0.020804928615689278
-0.012958554551005363
-0.025346560403704643
-0.006514899898320436
0.003195936791598797
-0.008471558801829815
-0.021911054849624634
-0.002345337532460690
0.021442109718918800
-0.023912405595183372
0.038523569703102112
0.016618309542536736
0.003588315565139055
0.001903557451441884
0.010391694493591785
0.027902374044060707
-0.010279171168804169
0.002381498925387859
0.023205127567052841
-0.025813404470682144
0.035449527204036713
-0.016449548304080963
-0.016991838812828064
-0.032693978399038315
0.002506043529137969
0.001748895854689181
-0.009659833274781704
-0.011190758086740971
-0.003374744905158877
0.040534690022468567
0.020205143839120865
-0.022091478109359741
0.024629289284348488
0.015150810591876507
-0.006958123296499252
0.006949453614652157
-0.024853475391864777
0.031370393931865692
0.014856072142720222
0.014587061479687691
-0.005805484484881163
0.018994374200701714
0.050918240100145340
-0.008807886391878128
0.030380859971046448
0.039305016398429871
0.006654562894254923
-0.028501467779278755
0.009783292189240456
0.018571877852082253
-0.006683274172246456
0.004234487656503916
0.020581314340233803
-0.013471460901200771
-0.019909499213099480
0.017643647268414497
0.028218857944011688
0.012431195005774498
-0.007570729125291109
0.004517153371125460
0.040384359657764435
-0.001844106009230018
-0.011335763148963451
0.004470619373023510
0.019839879125356674
0.009849173016846180
-0.005373630672693253
0.010806310921907425
-0.014665342867374420
-0.015665469691157341
0.012518144212663174
-0.000983974081464112
-0.005500455852597952
-0.003413802245631814
-0.001334493863396347
0.018528198823332787
-0.029215959832072258
0.000684356433339417
0.003021144540980458
-0.007970593869686127
0.011817590333521366
0.010074332356452942
-0.000214805753785186
0.013329504989087582
-0.012090652249753475
-0.006339566782116890
-0.039467122405767441
-0.001569076091982424
-0.028275899589061737
0.019676236435770988
-0.009510606527328491
0.024340491741895676
0.012615249492228031
-0.016882399097084999
0.027149261906743050
0.025554975494742393
-0.019412659108638763
0.015351858921349049
-0.021348161622881889
-0.031635496765375137
-0.021455304697155952
-0.009080792777240276
0.012901657260954380
-0.001222781836986542
0.004708733409643173
-0.036418184638023376
-0.029409920796751976
0.036070425063371658
-0.010323692113161087
0.009300111792981625
0.021025761961936951
0.001549488166347146
0.022687569260597229
-0.000047989502490964
-0.023415267467498779
-0.023770874366164207
0.005432703066617250
-0.024419756606221199
0.031808163970708847
0.006463753990828991
0.028277123346924782
0.030467605218291283
-0.023966373875737190
-0.022746682167053223
0.024973139166831970
-0.011366657912731171
-0.012555016204714775
0.014058793894946575
-0.024561226367950439
-0.019053239375352859
0.021186085417866707
-0.019303949549794197
0.023811874911189079
0.022356214001774788
-0.016417145729064941
0.006642007734626532
-0.009603220969438553
-0.035401567816734314
0.047015827149152756
-0.009692029096186161
-0.011377274990081787
0.043258961290121078
-0.012423160485923290
0.023024700582027435
0.022189870476722717
-0.032253570854663849
-0.023499282076954842
0.033978119492530823
0.034659307450056076
0.003980469424277544
0.000511862512212247
-0.020634278655052185
