0.011868112720549107
-0.011286185123026371
-0.004435131791979074
-0.010940610431134701
0.012712374329566956
0.017471140250563622
0.009006530046463013
-0.019804162904620171
0.018599618226289749
-0.005643477663397789
-0.005626033060252666
0.017729710787534714
0.002064652508124709
0.007086229044944048
-0.028689904138445854
-0.007652712985873222
0.007396267261356115
0.001161620253697038
-0.005756087601184845
0.010431764647364616
-0.008771557360887527
0.000825830327812582
-0.004013873171061277
-0.009145980700850487
-0.005043253302574158
0.004185812082141638
0.005182824097573757
-0.010545590892434120
0.014171813614666462
0.005427266471087933
0.009161883033812046
0.005919985938817263
-0.011339659802615643
-0.004023439716547728
0.000799121567979455
-0.017316557466983795
-0.027228396385908127
-0.010473581962287426
0.004425283055752516
0.000160155614139512
-0.023577567189931870
-0.000402937323087826
0.000948511122260243
0.030390299856662750
-0.007191950920969248
0.020421590656042099
-0.006363471038639545
-0.010888686403632164
0.000391379406210035
0.003095122985541821
-0.002704158425331116
-0.013614805415272713
0.001975786173716187
0.018430510535836220
-0.006772676017135382
-0.010848497040569782
0.020024249330163002
-0.026101605966687202
0.011142137460410595
0.004815980326384306
-0.009174375794827938
0.004221706651151180
0.014983898028731346
0.015900347381830215
-0.018620796501636505
-0.004111277870833874
0.009081937372684479
-0.000767248391639441
0.000084654770034831
-0.017148308455944061
-0.014241734519600868
-0.008091471157968044
-0.006353414617478848
0.000368469220120460
0.009176687337458134
-0.011297111399471760
-0.011241896077990532
-0.007036036346107721
0.019320914521813393
-0.008815525099635124
0.005286421161144972
0.002444997895509005
-0.015246937982738018
0.003405821975320578
0.016388718038797379
-0.001641956274397671
-0.008575487881898880
0.010059794411063194
-0.006742228288203478
-0.032181553542613983
0.001370198791846633
0.000252706493483856
-0.002490639686584473
-0.007334437221288681
0.014096379280090332
0.010047168470919132
0.017776990309357643
-0.004067974630743265
0.000000536219886271
0.002587521681562066
0.002981661586090922
0.006448868662118912
0.016443261876702309
0.029079563915729523
-0.003020684933289886
-0.026914812624454498
-0.006852596998214722
-0.001016153488308191
0.000020898904040223
-0.011276219040155411
-0.001530220499262214
0.007424216251820326
-0.001434974488802254
-0.013027096167206764
0.016458071768283844
-0.001160849235020578
-0.007629875559359789
0.000294887635391206
-0.007340824697166681
-0.012273364700376987
0.007344557903707027
-0.000795582949649543
-0.033094827085733414
-0.001565583283081651
-0.004003460519015789
0.006027733441442251
-0.010313052684068680
-0.011534093879163265
