-0.000598655082285404
0.020955234766006470
0.017785988748073578
0.010902171954512596
0.063638217747211456
-0.018968921154737473
-0.006246560253202915
-0.005407268181443214
0.075356602668762207
0.001834601047448814
0.023800423368811607
0.084762550890445709
0.016743764281272888
0.031647447496652603
0.075696781277656555
0.005328584928065538
0.004653947893530130
0.024650016799569130
0.023489808663725853
0.068837091326713562
0.033798899501562119
0.054720632731914520
0.049889266490936279
0.012753868475556374
-0.015723386779427528
0.017727427184581757
0.012694165110588074
0.022010624408721924
0.018895257264375687
-0.001406778232194483
0.099665082991123199
0.044292427599430084
