0.001020710915327072
-0.021527687087655067
0.063418529927730560
0.074805654585361481
-0.040516734123229980
0.010229439474642277
0.032187581062316895
0.044157385826110840
0.092056863009929657
-0.056744575500488281
0.115536957979202271
0.002529597608372569
0.052717100828886032
0.006211511325091124
0.134318843483924866
0.004896077793091536
0.037174701690673828
0.046055629849433899
0.029439527541399002
-0.020371489226818085
0.172643437981605530
0.146815419197082520
0.026981670409440994
-0.009498856961727142
0.007485574577003717
-0.023665394634008408
0.001868494204245508
0.016123378649353981
0.044861238449811935
0.016571111977100372
0.032725445926189423
0.045390926301479340
