-0.033838652074337006
-0.031236860901117325
0.029418461024761200
-0.026863513514399529
-0.017108103260397911
-0.018296772614121437
-0.061546444892883301
0.032384764403104782
0.031184894964098930
-0.001398962340317667
-0.026720521971583366
0.034355673938989639
-0.003751402487978339
-0.006988647859543562
0.034607052803039551
-0.028976861387491226
-0.025900378823280334
-0.027285918593406677
0.004223818425089121
0.032961189746856689
-0.019238492473959923
-0.026052560657262802
-0.014351618476212025
0.023362832143902779
-0.045011632144451141
0.012536832131445408
-0.024414310231804848
0.002703607082366943
0.035258404910564423
-0.009337022900581360
-0.027066605165600777
-0.013176777400076389
-0.041199766099452972
0.013595958240330219
-0.016566907986998558
-0.015931047499179840
-0.015463083982467651
-0.027720944955945015
-0.000466263853013515
-0.011050826869904995
0.013579123653471470
-0.041497185826301575
-0.030102875083684921
-0.032500650733709335
0.006015826947987080
-0.009430189616978168
0.015602922998368740
0.035095758736133575
-0.032682929188013077
-0.037978973239660263
-0.022286135703325272
-0.049926128238439560
-0.012615889310836792
-0.040476106107234955
0.031055251136422157
0.025298669934272766
-0.033888608217239380
-0.019038813188672066
-0.030518570914864540
0.018921054899692535
0.043558645993471146
0.056815184652805328
-0.018451573327183723
0.017982760444283485
