0.005431610159575939
-0.000777042645495385
0.000283857545582578
0.005191758275032043
-0.002358376048505306
0.007846764288842678
-0.002389217028394341
-0.029580039903521538
-0.013934173621237278
-0.019556483253836632
0.011753978207707405
-0.009961565956473351
0.000775059335865080
-0.003911832347512245
0.001528517343103886
-0.017330044880509377
-0.001051601604558527
-0.009503260254859924
0.014228962361812592
-0.007964762859046459
-0.000880461710039526
0.008026692084968090
-0.018938263878226280
-0.017020506784319878
0.003783215070143342
0.004287748597562313
-0.003891200060024858
0.019207486882805824
0.007036450784653425
-0.000189583050087094
-0.007743262685835361
-0.007084575016051531
0.003844259539619088
-0.028530884534120560
0.001309908810071647
0.005832409020513296
0.028440287336707115
0.005257978104054928
-0.009369357489049435
-0.009527081623673439
0.008326247334480286
-0.002591739408671856
-0.009797134436666965
0.006442379672080278
0.011313602328300476
-0.000695218564942479
0.006826154422014952
-0.003007568651810288
-0.005967187695205212
0.009700427763164043
-0.014361548237502575
-0.000993117922917008
-0.007792912423610687
-0.008066935464739799
0.006197326816618443
0.005277962423861027
-0.011131344363093376
-0.015179433859884739
-0.007601863238960505
-0.017827199772000313
-0.002386698732152581
-0.012044871225953102
-0.013772757723927498
-0.004853233229368925
0.004323790315538645
-0.010329050011932850
0.009327221661806107
0.000860436761286110
-0.007922158576548100
-0.024847554042935371
-0.008192274719476700
-0.016346042975783348
-0.002967138309031725
0.003268644679337740
-0.013258011080324650
0.009493127465248108
-0.020618662238121033
0.009046199731528759
0.013496577739715576
0.013924838975071907
0.005863541271537542
-0.004658621735870838
-0.001372798113152385
0.012996941804885864
-0.015430050902068615
0.007502291817218065
-0.016232866793870926
-0.003473884193226695
-0.010005098767578602
-0.008824530057609081
0.012862661853432655
0.009247715584933758
-0.000890645722392946
-0.018472176045179367
-0.003373962128534913
-0.012206390500068665
-0.000419574906118214
0.010424178093671799
-0.000422474695369601
-0.032642342150211334
-0.017279919236898422
0.007666728459298611
-0.008844374679028988
0.002145697362720966
0.025598177686333656
-0.006605532951653004
-0.009810837917029858
-0.004042061511427164
0.001355752581730485
0.000377367745386437
-0.024357879534363747
-0.002756238216534257
0.002800686750560999
-0.013929016888141632
0.009930180385708809
0.006395264994353056
-0.020760994404554367
-0.004485835786908865
-0.006855649873614311
0.003262456040829420
0.025151522830128670
-0.003078559646382928
0.013743359595537186
-0.000214675324968994
-0.000560158223379403
-0.010409309528768063
-0.006074931006878614
-0.007856389507651329
0.005604794714599848
0.007101208902895451
0.005040805321186781
-0.018970977514982224
-0.024495510384440422
-0.018266187980771065
-0.000182659205165692
-0.005783383734524250
0.011980002745985985
0.000283921835944057
-0.014361680485308170
-0.002113347640261054
0.000676873140037060
0.012362298555672169
-0.006014074198901653
0.006642485503107309
0.014978910796344280
-0.001370609970763326
-0.007595180999487638
-0.004982224199920893
-0.015349788591265678
0.000142936711199582
-0.011925216764211655
-0.026299679651856422
-0.001558815827593207
-0.008518862538039684
-0.029556045308709145
-0.015789136290550232
-0.023813061416149139
-0.005977321416139603
0.002479091519489884
0.012450148351490498
0.002289497759193182
-0.004659492056816816
-0.002044777385890484
-0.013026906177401543
0.003183357883244753
-0.007063824217766523
-0.020611755549907684
-0.008317170664668083
-0.009558578953146935
-0.005177654791623354
0.008095595985651016
-0.003672276623547077
-0.009792865253984928
0.002922489773482084
-0.013843019492924213
0.006545316893607378
-0.020041313022375107
-0.015489285811781883
-0.013386663049459457
0.008418413810431957
-0.008153803646564484
-0.001555098453536630
-0.016332486644387245
0.008573775179684162
-0.012439209036529064
0.001998936757445335
-0.013923747465014458
-0.003293318673968315
0.010680699720978737
-0.003638094058260322
0.009781540371477604
0.006344020366668701
-0.019784145057201385
-0.015472003258764744
-0.001323003321886063
-0.000682927027810365
-0.000271387601969764
0.005922520067542791
-0.003854186041280627
0.012933657504618168
0.006195066962391138
0.003455023746937513
-0.007716790772974491
-0.016332084313035011
0.000012989763490623
-0.021591501310467720
-0.004472172819077969
0.020488405600190163
-0.017784029245376587
0.017273038625717163
-0.009729347191751003
-0.011464837938547134
0.003249697387218475
-0.002316459082067013
-0.010418113321065903
0.002364829415455461
-0.002645338419824839
0.008618202991783619
-0.010426397435367107
-0.027508743107318878
0.005388766061514616
-0.007430993486195803
0.001871760003268719
-0.000233347222092561
-0.006202332209795713
-0.021811466664075851
0.003521242178976536
0.015359017997980118
-0.003300038632005453
0.008762456476688385
-0.013400126248598099
0.003070251550525427
-0.009554801508784294
-0.014113928191363811
-0.010911185294389725
0.004351655952632427
-0.001022213487885892
-0.009179381653666496
-0.006774992682039738
-0.001102288253605366
-0.013723414391279221
-0.006587137002497911
-0.012652912177145481
0.021405413746833801
-0.008691404014825821
0.005669381935149431
-0.013933573849499226
-0.014767676591873169
-0.018767742440104485
-0.018513511866331100
-0.012661080807447433
0.018544599413871765
-0.011574573814868927
-0.010427300818264484
-0.007344263605773449
-0.022137802094221115
