-0.054518274962902069
-0.029715944081544876
-0.020212525501847267
-0.083858996629714966
-0.060804374516010284
-0.025438081473112106
-0.012353761121630669
-0.019445519894361496
-0.027528811246156693
0.019203588366508484
-0.030382631346583366
-0.038028508424758911
-0.017448822036385536
-0.045272100716829300
0.013757028616964817
-0.004453442525118589
0.071558579802513123
0.054284840822219849
0.014048016630113125
-0.023764571174979210
-0.022876927629113197
-0.033092547208070755
-0.016996065154671669
-0.018339883536100388
-0.008766935206949711
-0.008468214422464371
-0.020371321588754654
-0.059849847108125687
0.003396355314180255
0.022891504690051079
-0.030525764450430870
-0.000449675513664261
0.003716667415574193
-0.014116344973444939
0.007251868955790997
-0.003566313767805696
-0.021817008033394814
-0.025351615622639656
0.030293406918644905
-0.042240116745233536
-0.028174931183457375
0.016976736485958099
-0.000379918317776173
-0.072799101471900940
-0.032966293394565582
-0.022938881069421768
-0.004449512809514999
0.008176411502063274
-0.026825426146388054
-0.014747569337487221
0.032661277800798416
-0.008088282309472561
-0.007700510323047638
-0.015781940892338753
-0.010645198635756969
0.030382635071873665
0.030163398012518883
-0.007672172505408525
-0.039701189845800400
0.027090366929769516
-0.020217819139361382
-0.001524903345853090
0.034517299383878708
-0.018793512135744095
-0.030542952939867973
0.019612597301602364
-0.012353849597275257
-0.009010897018015385
-0.009422545321285725
-0.063467457890510559
-0.034550298005342484
-0.056387856602668762
-0.021477224305272102
-0.066741116344928741
-0.058917410671710968
-0.041770897805690765
-0.003041932126507163
-0.038487914949655533
-0.025754757225513458
-0.022665649652481079
-0.011855470016598701
-0.034824464470148087
-0.031887155026197433
0.011033341288566589
-0.006520569790154696
0.000684007187373936
-0.006909451447427273
0.067948162555694580
-0.014109549112617970
-0.000241011046455242
-0.005167550873011351
-0.029033469036221504
0.005928265396505594
-0.041906796395778656
0.051940988749265671
-0.013960395008325577
-0.010978917591273785
0.005619183182716370
0.012254062108695507
-0.019444469362497330
-0.030878081917762756
-0.018685519695281982
-0.041090704500675201
-0.038091789931058884
-0.018432283774018288
-0.023885987699031830
-0.006860278081148863
-0.055268142372369766
-0.011910422705113888
-0.035816870629787445
0.019425690174102783
-0.065702185034751892
-0.020242324098944664
-0.048412512987852097
-0.023251920938491821
-0.025099739432334900
-0.021953733637928963
0.024719417095184326
-0.012761272490024567
-0.004682116210460663
-0.023863298818469048
-0.008597799576818943
0.042072881013154984
-0.019553992897272110
0.003862078068777919
-0.033565282821655273
-0.026163330301642418
-0.016909338533878326
