-0.003155020065605640
0.000212271595955826
-0.010166754014790058
0.012655316852033138
-0.004948689136654139
-0.003435851307585835
-0.005875093396753073
-0.013840735889971256
-0.009008281864225864
0.004656252451241016
-0.014677993953227997
-0.005325140431523323
0.012703377753496170
-0.003335315966978669
-0.014040377922356129
0.013535325415432453
-0.001780715072527528
-0.008751876652240753
0.016596620902419090
0.000038820173358545
0.011749012395739555
0.008476994000375271
0.009785875678062439
-0.011087807826697826
-0.008572559803724289
-0.002730201464146376
-0.003228231333196163
-0.004366303328424692
0.003566775005310774
0.007845064625144005
-0.005395752377808094
0.006307334639132023
