-0.006498300004750490
-0.012355106882750988
-0.011612459085881710
-0.023053802549839020
-0.038731444627046585
-0.002556778024882078
0.003548919921740890
-0.013852213509380817
-0.019770316779613495
-0.020699437707662582
-0.016727488487958908
-0.007694349624216557
0.009481601417064667
0.007841626182198524
0.036893870681524277
-0.002460088813677430
-0.004422756377607584
0.016387330368161201
-0.012932794168591499
-0.011704310774803162
0.011100744828581810
-0.015072550624608994
0.002633094787597656
0.000549108488485217
-0.011991444975137711
-0.008912546560168266
0.001482374733313918
-0.023099618032574654
0.011948544532060623
-0.008402724750339985
-0.008770486339926720
-0.008401786908507347
-0.000930032518226653
0.000984702492132783
-0.004513328429311514
0.012014551088213921
-0.004558739718049765
0.009602794423699379
-0.002040681196376681
-0.018279371783137321
0.012854825705289841
-0.001336347428150475
-0.023398254066705704
-0.018391951918601990
-0.004311088938266039
-0.004792760126292706
0.002000119304284453
-0.006781156174838543
-0.025364726781845093
-0.003956797067075968
-0.016319800168275833
-0.002666087122634053
0.010936032049357891
-0.003921678755432367
-0.014469430781900883
0.006635156925767660
0.007390864659100771
-0.005457545164972544
-0.002482906216755509
-0.000130460321088322
-0.002501175273209810
0.007949094288051128
0.009518392384052277
-0.002229170408099890
-0.007791596930474043
-0.004877148196101189
0.022137619554996490
-0.003641128074377775
0.003261295380070806
-0.009243441745638847
-0.013206992298364639
0.002978980774059892
-0.007261240389198065
-0.019903365522623062
-0.007724623195827007
-0.014333734288811684
0.006947815883904696
-0.020360050722956657
0.001706699142232537
0.009627219289541245
-0.022270966321229935
-0.009735259227454662
-0.008254465647041798
0.018442066386342049
-0.000627825444098562
-0.005299255717545748
0.000197464687516913
-0.003908244892954826
-0.005103564821183681
-0.009633490815758705
-0.017256649211049080
-0.004242116119712591
-0.017937745898962021
-0.012578045949339867
-0.012918310239911079
-0.009987393394112587
0.006509209051728249
-0.002866164548322558
-0.021128535270690918
0.001693076570518315
0.003743524663150311
-0.002006987575441599
-0.010110240429639816
-0.009737576358020306
-0.006619426421821117
-0.010592719539999962
-0.010164317674934864
-0.011890606023371220
-0.005819743964821100
0.010356839746236801
-0.017837692052125931
-0.014500712044537067
-0.004996450617909431
-0.015617855824530125
-0.015556275844573975
-0.001730178599245846
-0.017522998154163361
-0.023823149502277374
0.010811630636453629
-0.010555131360888481
-0.010182533413171768
0.001349708298221231
-0.016291208565235138
-0.018892679363489151
-0.002861018758267164
-0.011704961769282818
-0.016801133751869202
-0.007470940705388784
