-0.032262876629829407
-0.025698769837617874
-0.021415643393993378
-0.010990499518811703
0.065912678837776184
-0.024076703935861588
-0.008708532899618149
-0.023085402324795723
0.052405167371034622
-0.004982700571417809
-0.041099868714809418
-0.019602926447987556
-0.010332202538847923
0.012054597958922386
-0.018179219216108322
0.028227219358086586
-0.027330478653311729
-0.046078965067863464
-0.022239254787564278
0.005414530634880066
0.070129007101058960
-0.016529757529497147
0.048242975026369095
0.002373530762270093
0.016299799084663391
-0.016907533630728722
-0.006057775113731623
-0.018052063882350922
-0.017941966652870178
-0.014508653432130814
-0.010555475950241089
-0.039418216794729233
0.025976805016398430
-0.022619662806391716
0.009723166003823280
-0.015836874023079872
-0.009825444780290127
0.002226072363555431
0.074161529541015625
0.018844045698642731
0.000244179245783016
-0.020176596939563751
-0.013574785552918911
0.022775188088417053
-0.009681236930191517
0.017775626853108406
0.000961127632763237
-0.013190601021051407
-0.026970826089382172
0.000670131703373045
-0.038621697574853897
0.021918859332799911
-0.042184874415397644
0.050515584647655487
-0.034788355231285095
-0.043061137199401855
-0.018984822556376457
0.047736328095197678
0.006345898378640413
0.060905516147613525
0.023513378575444221
0.007243325933814049
0.049206051975488663
-0.025520883500576019
-0.000621536571998149
0.063552513718605042
-0.004816342610865831
0.003825594671070576
0.035119544714689255
-0.005460245069116354
-0.041927874088287354
0.036994338035583496
-0.015272332355380058
-0.021773161366581917
-0.007608913816511631
0.006005528848618269
-0.002697601448744535
0.068608425557613373
-0.023113202303647995
0.019654292613267899
-0.011921385303139687
-0.014111633412539959
-0.028013404458761215
0.002826950745657086
0.029312998056411743
0.048904884606599808
0.049242887645959854
-0.034186434000730515
-0.017769968137145042
-0.018685525283217430
0.019960034638643265
-0.024334024637937546
-0.007622010540217161
-0.037815067917108536
-0.035647887736558914
0.019548900425434113
-0.003713749814778566
-0.009082158096134663
-0.022682862356305122
-0.021173240616917610
-0.043179076164960861
0.040483810007572174
-0.008053120225667953
-0.026644408702850342
-0.020689368247985840
-0.046731643378734589
0.016584252938628197
0.073730543255805969
-0.013436225242912769
-0.043798465281724930
0.010138342157006264
-0.033855453133583069
-0.016100645065307617
-0.085957877337932587
-0.023533022031188011
-0.008386074565351009
-0.041197206825017929
0.010476522147655487
-0.008727669715881348
-0.005750692915171385
0.001774128526449203
0.006197287235409021
-0.031853098422288895
0.047974128276109695
-0.018035100772976875
0.027610441669821739
0.002938202815130353
-0.005078778136521578
-0.000595527119003236
0.016220491379499435
0.028530573472380638
0.012026258744299412
-0.001111637917347252
0.039219401776790619
0.029654646292328835
-0.026325272396206856
-0.025407044216990471
-0.018256779760122299
0.063184127211570740
-0.028567187488079071
-0.024948364123702049
-0.013580792583525181
-0.030217226594686508
-0.013410269282758236
0.052482452243566513
-0.030750118196010590
-0.013519014231860638
0.050711199641227722
0.054595351219177246
-0.009096351452171803
-0.016202440485358238
0.029572216793894768
0.021106148138642311
0.027796288952231407
-0.019239446148276329
-0.027689235284924507
-0.033103235065937042
0.000092909758677706
0.020679425448179245
0.057277675718069077
-0.014391448348760605
-0.011462868191301823
0.007861029356718063
-0.021886499598622322
0.017008727416396141
-0.018551448360085487
-0.012234889902174473
0.001827630680054426
-0.011404457502067089
-0.024026513099670410
-0.018166903406381607
-0.019349638372659683
-0.017912007868289948
0.018778445199131966
0.045939732342958450
0.008068040944635868
0.013453263789415359
-0.007414936553686857
0.013825669884681702
-0.005923512857407331
-0.006054169498383999
-0.015633119270205498
-0.022959019988775253
0.004874561913311481
-0.023549921810626984
-0.016443870961666107
0.049286752939224243
-0.030623007565736771
0.024275623261928558
0.035299923270940781
0.022461088374257088
0.012752884067595005
-0.004491765983402729
0.019350694492459297
0.002802931936457753
-0.021564150229096413
-0.029354743659496307
-0.013074068352580070
-0.035252440720796585
-0.038683608174324036
0.041208576411008835
0.042813356965780258
-0.037175685167312622
0.002852470381185412
0.009714763611555099
-0.028200050815939903
0.044820886105298996
-0.003141153138130903
0.050104614347219467
-0.018547570332884789
-0.041778620332479477
-0.038137920200824738
-0.008376369252800941
0.020155664533376694
-0.004441256169229746
-0.010325585491955280
-0.017754510045051575
-0.022126149386167526
-0.014789909124374390
0.028126448392868042
0.001924470998346806
-0.021176358684897423
-0.017238058149814606
-0.033742435276508331
-0.015012981370091438
0.027823733165860176
-0.026842301711440086
0.008232584223151207
-0.019333772361278534
-0.017463110387325287
-0.008710785768926144
0.017965020611882210
-0.017918981611728668
-0.004191852174699306
-0.007783646695315838
0.027217755094170570
0.002845631679520011
-0.008380657061934471
-0.030789533630013466
-0.022964416071772575
-0.006300278007984161
-0.012898645363748074
-0.040885202586650848
-0.014651278965175152
-0.037919178605079651
-0.026198944076895714
-0.014716706238687038
-0.042477764189243317
-0.019979337230324745
0.024486023932695389
-0.054543286561965942
-0.003091155551373959
-0.004410037305206060
-0.032809562981128693
-0.032595466822385788
-0.023753946647047997
