-0.021984465420246124
-0.032602358609437943
0.036494582891464233
0.006253749597817659
-0.029019607231020927
-0.035519577562808990
-0.018189908936619759
0.016517024487257004
0.002107074018567801
-0.028290150687098503
-0.039551042020320892
-0.031982999294996262
0.005131412297487259
-0.014558690600097179
0.017057150602340698
-0.048150878399610519
-0.048405475914478302
-0.040464982390403748
0.004543016199022532
-0.020310921594500542
-0.036755047738552094
-0.021552305668592453
0.013892804272472858
-0.022419827058911324
-0.055018644779920578
-0.040902558714151382
-0.006900560576468706
-0.058474428951740265
-0.009722473099827766
-0.006201205309480429
-0.012198140844702721
-0.040280420333147049
-0.046681180596351624
-0.022663071751594543
-0.018358223140239716
-0.044314619153738022
0.018106633797287941
-0.023675512522459030
-0.026897603645920753
0.000699324824381620
-0.013325947336852551
-0.000546508003026247
-0.003759940853342414
-0.022467987611889839
-0.030646810308098793
0.024762097746133804
-0.041276611387729645
-0.007516825571656227
-0.008826078847050667
0.005606879480183125
-0.004603806883096695
-0.038999538868665695
-0.007545333821326494
-0.009818471968173981
-0.044057000428438187
-0.057821217924356461
-0.042258910834789276
0.060122735798358917
-0.061852212995290756
0.016728857532143593
0.011658225208520889
-0.007006010506302118
-0.050364345312118530
-0.047052614390850067
-0.012872002087533474
-0.016136506572365761
-0.026909051463007927
-0.008727840147912502
-0.032378196716308594
-0.019935088232159615
0.049045387655496597
-0.042364496737718582
-0.006152314133942127
-0.035360939800739288
-0.030936615541577339
0.001545575447380543
-0.077022425830364227
0.007131161633878946
-0.049049001187086105
-0.026527250185608864
-0.011888499371707439
0.009612585417926311
-0.053994238376617432
0.005522950086742640
-0.010440207086503506
-0.014441202394664288
0.004970458801835775
-0.048790141940116882
-0.002891451353207231
-0.008146955631673336
0.021398279815912247
-0.001609193044714630
-0.034838128834962845
-0.042253088206052780
0.033332340419292450
-0.019526008516550064
-0.022124439477920532
-0.040109317749738693
-0.030126055702567101
-0.049893662333488464
0.006801801733672619
-0.045345526188611984
-0.021696910262107849
-0.033438362181186676
-0.041596774011850357
0.038928814232349396
-0.053943950682878494
0.025552375242114067
-0.033219970762729645
-0.032612867653369904
0.016951911151409149
0.007398949004709721
0.013153086416423321
-0.000783661438617855
-0.029483707621693611
-0.022119199857115746
-0.009111111052334309
-0.027205437421798706
-0.019728712737560272
0.004520352464169264
-0.035472922027111053
-0.040931805968284607
-0.026522936299443245
-0.015673747286200523
-0.029819920659065247
-0.023149179294705391
-0.039991363883018494
0.004842502530664206
-0.017786569893360138
0.028296003118157387
-0.049590181559324265
-0.072866253554821014
-0.013825558125972748
-0.022965881973505020
0.037863645702600479
-0.028788574039936066
-0.006401562131941319
-0.021121157333254814
-0.004974371287971735
0.016090782359242439
-0.043495476245880127
-0.009480059146881104
-0.020898023620247841
-0.007874201051890850
-0.005907672457396984
0.034124307334423065
-0.014253342524170876
-0.023258896544575691
-0.022343432530760765
-0.040154803544282913
-0.032593198120594025
0.039547502994537354
-0.050793405622243881
0.031947903335094452
-0.026175890117883682
-0.047477051615715027
-0.025741346180438995
-0.007371250540018082
-0.027636287733912468
-0.049991656094789505
-0.065268203616142273
-0.015859300270676613
0.024267757311463356
-0.002948469249531627
-0.001939213136211038
-0.039993561804294586
-0.041312970221042633
-0.019984450191259384
-0.028537373989820480
-0.027340177446603775
-0.043059576302766800
-0.007887382991611958
0.016019061207771301
-0.024555210024118423
0.012371744960546494
-0.024749444797635078
0.015406167134642601
-0.040856312960386276
-0.018258320167660713
-0.054866243153810501
-0.044191587716341019
-0.025954393669962883
-0.025502901524305344
-0.044460866600275040
-0.031771577894687653
0.004553848411887884
-0.019265964627265930
-0.058699030429124832
-0.018377400934696198
-0.011533273383975029
0.004479927476495504
0.003626297228038311
-0.029684551060199738
0.012859330512583256
-0.040451090782880783
-0.035739894956350327
-0.001982593676075339
-0.035570636391639709
0.020665436983108521
-0.050304286181926727
0.003269676584750414
-0.015348061919212341
0.009936516173183918
-0.024664990603923798
-0.033464781939983368
-0.029175179079174995
-0.046881761401891708
-0.039651494473218918
-0.018003055825829506
-0.037831377238035202
-0.075162068009376526
-0.018177347257733345
0.005192865151911974
-0.034692533314228058
-0.007841596379876137
-0.018206369131803513
-0.021146085113286972
-0.030974429100751877
-0.042861431837081909
-0.017397901043295860
-0.041771691292524338
-0.018932845443487167
0.010643366724252701
-0.012967597693204880
-0.015033676289021969
-0.034964352846145630
0.004095085430890322
0.007510736584663391
-0.021833863109350204
-0.022873148322105408
-0.019930236041545868
-0.041945144534111023
0.013782894238829613
0.038518112152814865
0.019702237099409103
-0.015374487265944481
0.025877159088850021
-0.012697825208306313
-0.029840406030416489
-0.008560712449252605
-0.019906774163246155
-0.006011347286403179
-0.012583839707076550
-0.010049708187580109
-0.027598537504673004
0.000088090389908757
-0.027320956811308861
-0.045642141252756119
-0.017056949436664581
-0.032579500228166580
-0.044139590114355087
-0.021163089200854301
-0.058079916983842850
-0.028260083869099617
-0.032987222075462341
-0.018618859350681305
