-0.005533027928322554
-0.037592392414808273
0.004422059282660484
-0.027666436508297920
-0.001499920035712421
-0.031501870602369308
-0.002724599093198776
-0.005669864360243082
0.019460234791040421
-0.019469475373625755
0.015454865060746670
0.006171273998916149
-0.001578458701260388
-0.042641203850507736
-0.008744314312934875
-0.006446972023695707
-0.030532179400324821
0.004088663496077061
0.018588341772556305
0.005597239825874567
0.006341301370412111
0.001256347051821649
-0.013241088949143887
0.022718464955687523
0.025012033060193062
-0.019457055255770683
0.000931550224777311
-0.011706977151334286
0.002749016508460045
0.003935493994504213
0.036832667887210846
0.031103406101465225
-0.037971049547195435
0.015002869069576263
0.016415430232882500
0.020918162539601326
0.023194950073957443
-0.045848667621612549
-0.051029101014137268
0.020453568547964096
-0.039680909365415573
-0.017076455056667328
-0.012416295707225800
0.001637857989408076
-0.004814725369215012
0.028981277719140053
-0.005263675469905138
-0.025257380679249763
-0.008226933889091015
0.020039910450577736
-0.009670278988778591
-0.010204651392996311
0.018751518800854683
-0.010310686193406582
-0.018509516492486000
0.019255388528108597
0.005594561342149973
0.025382978841662407
-0.015131605789065361
-0.014001585543155670
0.000817922758869827
-0.014805523678660393
-0.022243794053792953
-0.008126204833388329
